00000001000000000000000000000000
00000000111111111111111010000001
00000000111111111111100100101000
00000000111111111110111010000111
00000000111111111101110100000101
00000000111111111100001011011101
00000000111111111001111000011100
00000000111111110110110010100011
00000000111111110010110000101010
00000000111111101101101000111100
00000000111111100111010000111001
00000000111111011111011101011001
00000000111111010110000010101011
00000000111111001010110100010100
00000000111110111101100101010101
00000000111110101110001000001010
00000000111110011100001110101010
00000000111110000111101010001100
00000000111101110000001011101010
00000000111101010101100011011111
00000000111100110111100001110000
00000000111100010101110110001010
00000000111011110000010000001011
00000000111011000110011111000001
00000000111010011000010001110100
00000000111001100101010111100111
00000000111000101101011111100000
00000000110111110000011000101111
00000000110110101101110010110000
00000000110101100101011101011011
00000000110100010111001001000010
00000000110011000010100110100001
00000000110001100111100111100011
00000000110000000101111110101101
00000000101110011101011111101001
00000000101100101101111111001110
00000000101010110111010011101101
00000000101000111001010100111111
00000000100110110011111100101010
00000000100100100111000110010101
00000000100010010010101111110001
00000000011111110110111001000111
00000000011101010011100101000010
00000000011010101000111001000010
00000000010111110110111101100100
00000000010100111101111110010010
00000000010001111110001010001110
00000000001110110111110011111111
00000000001011101011010001111011
00000000001000011000111110010110
00000000000101000001010111100101
00000000000001100101000000001101
11111111111110000100011111000111
11111111111010100000011111100111
11111111110110111001110001011110
11111111110011010001001000111110
11111111101111100111011110111000
11111111101011111101110000011001
11111111101000010100111111000110
11111111100100101110010000110000
11111111100001001010101111001010
11111111011101101011100111111011
11111111011010010010001100001000
11111111010110111111101111111110
11111111010011110101101010011000
11111111010000110101010100011101
11111111001110000000001001000010
11111111001011010111100011111110
11111111001000111101000001100000
11111111000110110001111101011110
11111111000100110111110010100001
11111111000011001111111001010000
11111111000001111011100111010000
11111111000000111100001110000110
11111111000000010010111010010111
11111111000000000000110010100001
11111111000000000110110101110110
11111111000000100101111011010000
11111111000001011110110000001111
11111111000010110001110111101010
11111111000100011111101000101011
11111111000110101000001101101001
11111111001001001011100011001000
11111111001100001001010110110110
11111111001111100001000110110110
11111111010011010010000000110001
11111111010111011011000001000111
11111111011011111010110010110001
11111111100000101111101110101110
11111111100101110111111011110110
11111111101011010001001110111111
11111111110000111001001011001111
11111111110110101101000010011110
11111111111100101001110110001001
00000000000010101100011000010011
00000000001000110001001100111101
00000000001110110100101011101101
00000000010100110011000001101010
00000000011010101000010011100101
00000000100000010000100000100000
00000000100101100111100100011000
00000000101010101001011011001001
00000000101111010010000011111111
00000000110011011101100100110101
00000000110111001000001101110111
00000000111010001110011101011011
00000000111100101101000011110001
00000000111110100001000110111100
00000000111111101000000110101010
00000000111111111111111111111110
00000000111111100111010000111001
00000000111110011100111011101111
00000000111100100000101010000110
00000000111001110010101111011110
00000000110110010100001011011011
00000000110010000110101011001101
00000000101101001100101010101110
00000000100111101001010100110000
00000000100001100000100010101000
00000000011010110110111010110101
00000000010011110001101110111100
00000000001100010110111000101000
00000000000100101100110101101101
11111111111100111010100011011010
11111111110101000111011000101010
11111111101101011010111111100111
11111111100101111101001110010001
11111111011110110101111110100101
11111111011000001101000101110010
11111111010010001010001011010100
11111111001100110100011111011101
11111111001000010010110001101101
11111111000100101011000111001100
11111111000010000010110001011001
11111111000000011110000101000110
11111111000000000000010010001100
11111111000000101011011100001100
11111111000010100000010011111100
11111111000101011110010010100010
11111111001001100011010101110011
11111111001110101011111110100100
11111111010100110011010000101011
11111111011011110010110101000010
11111111100011100010111101110110
11111111101011111010101100111000
11111111110100101111111100000011
11111111111101110111100111111111
00000000000111000101111100101011
00000000010000001110100100000000
00000000011001000100110101111011
00000000100001011100001001110111
00000000101001001000001001010110
00000000101111111101000011000111
00000000110101101111111110011100
00000000111010010111001110010001
00000000111101101010100011010110
00000000111111100011011101001111
00000000111111111101011001010111
00000000111110110101111111101010
00000000111100001101001100011000
00000000111000000101010110100010
00000000110010100011010010101010
00000000101011101110010001011001
00000000100011101111111001111010
00000000011010110011111111111011
00000000010001001000010101001001
00000000000110111100010110101111
11111111111100100000110110011111
11111111110010000111100000100101
11111111101000000010011110010001
11111111011110100011110110001000
11111111010101111101001010110101
11111111001110011110111001001101
11111111001000010111110110110010
11111111000011110100110001100100
11111111000000111111110010011110
11111111000000000000000011010011
11111111000000111001011001010110
11111111000011101100000101100101
11111111001000010100101011011100
11111111001110101011111110100100
11111111010110100111001000010111
11111111011111110111110101010100
11111111101010001100101010011010
11111111110101010001100010000011
00000000000000110000010000001111
00000000001100010001001100111101
00000000010111011100000011101110
00000000100001111000100110111110
00000000101011001111100101100001
00000000110011001011100000100010
00000000111001011001011111101111
00000000111101101010000010010000
00000000111111110001101001110001
00000000111111101001011110001101
00000000111101001111101000001010
00000000111000100111100000101010
00000000110001111001110100110011
00000000101001010100011100110010
00000000011111001010000101110011
00000000010011110001101110111100
00000000000111100101111001111100
11111111111011000011110000110101
11111111101110101010000010011010
11111111100010110111110111101100
11111111011000001011100101000011
11111111001111000001011010001010
11111111000111110010010011111010
11111111000010110010110011101111
11111111000000010001111111110011
11111111000000011000101111000110
11111111000011001001000100011100
11111111001000011101111010101011
11111111010000001011000011111001
11111111011001111101011100011111
11111111100101011011110010100101
11111111110010000111100000100101
11111111111111011101111001100111
00000000001100111001100100110110
00000000011001110100000100100011
00000000100101100111100100011000
00000000101111110000101010001111
00000000110111110000000100100001
00000000111101001100010000000000
00000000111111110010110000101010
00000000111111011001010111110011
00000000111011111110110011101101
00000000110101101011000100111110
00000000101100101111010111100100
00000000100001100101011110001111
00000000010100101110110001000000
00000000000110110010110000101001
11111111111000011101010010011111
11111111101010011100011001101110
11111111011101011110000100000110
11111111010010001101110001010110
11111111001001010010001101001111
11111111000011001011000100001011
11111111000000001111001010100110
11111111000000101010111110011000
11111111000100011111101000101011
11111111001011100010100101001101
11111111010101011101110001111000
11111111100001110000100111101111
11111111101111110001011011111111
11111111111110101111100101001001
00000000001101110101111110100111
00000000011100001110000010001100
00000000101001000010101110000011
00000000110011100011101011110110
00000000111011001000001101011110
00000000111111010001110011101001
00000000111111101110010011011001
00000000111100011001010000111101
00000000110101011100101000110110
00000000101011010000100010001110
00000000011110011010001001001110
00000000001111101001110011000111
11111111111111111000010001110111
11111111110000000011011111110010
11111111100001001010101111001010
11111111010100001010101100000011
11111111001001111001100000001000
11111111000011000011001000111010
11111111000000000110010000100111
11111111000001010001110111110101
11111111000110100011111100100100
11111111001111101001000110011101
11111111011011111101011100110111
11111111101010101110100101110110
11111111111010111110101000011010
00000000001011101000000111011111
00000000011011100010100110010101
00000000101001100111100011111111
00000000110100110111011000000101
00000000111100011101111011001111
00000000111111110110100100101011
00000000111110101111001001011111
00000000111001001001101101001100
00000000101111011100111000010010
00000000100010010010101111110001
00000000010010100110001111001100
00000000000001011111001101101101
11111111110000001101011110000100
11111111100000000010111110001111
11111111010010001101110001010110
11111111000111110010000000001111
11111111000001100100011110100101
11111111000000000110010000100111
11111111000011100001101001110010
11111111001011101000110110111101
11111111010111110110011110101010
11111111100111001111111001100110
11111111111000101001011011100011
00000000001010101011111011100011
00000000011011111011100010000100
00000000101010111110111100011001
00000000110110100110110000111110
00000000111101110100001101011100
00000000111111111110101010000101
00000000111100110111100001110000
00000000110100101100000110000001
00000000101000000101000000100100
00000000011000000011011111011011
00000000000101111100010101111100
11111111110011010001001000111110
11111111100001101000000111101110
11111111010010100011011011101101
11111111000111011000011111010101
11111111000001001000001100001011
11111111000000011000101111000110
11111111000101010001101001001110
11111111001111011010011001011001
11111111011101111011111100001100
11111111101111100100111111101011
00000000000010110000111000010010
00000000010101110000010011111111
00000000100110110011011011111010
00000000110100010100001011011100
00000000111100111111111111001110
00000001000000000000000000000000
00000000111100111110110100010110
00000000110100001011010000101010
00000000100110010111101101111101
00000000010100110110000100010110
00000000000001010000011010110110
11111111101101011111010011011111
11111111011011011110001011100101
11111111001100111111010101110000
11111111000011100000011001000010
11111111000000000000100000010101
11111111000010111001011100101101
11111111001011111100001101010100
11111111011010010001101010110111
11111111101100011111011010010111
00000000000000110000010000001111
00000000010100111111110010111111
00000000100111000111110110100110
00000000110101001110011010100000
00000000111101110010101101001100
00000000111111110111111010101110
00000000111011001100011000011111
00000000110000001100010101101011
00000000011111111111110100000111
00000000001100010011101110100110
11111111110111001110110011000010
11111111100011000011010101100110
11111111010001111111011011000001
11111111000101111101000110111110
11111111000000010100011111001100
11111111000001110001001011000011
11111111001010001100100010010010
11111111011000101101011101111011
11111111101011101101111000010010
00000000000001000101011110111101
00000000010110011000110001100111
00000000101001001010100111000010
00000000110111001110011010010001
00000000111110111000111000110101
00000000111111001101010001001110
00000000111000000101010110100010
00000000101010010011010010010000
00000000010111011100101010000010
00000000000001101111010010110100
11111111101011110000111011100101
11111111011000001011100101000011
11111111001001011000111001100011
11111111000001001111000101001001
11111111000000110001101000000110
11111111001000001000000011101101
11111111010110011011110111000101
11111111101001111110001001111001
00000000000000010100100101101011
00000000010110101100000010111000
00000000101010001110111011111110
00000000111000011100010110010111
00000000111111011101000100011110
00000000111110010011101110101110
00000000110101000101110100001011
00000000100100111100001010010110
00000000001111111010101000100011
11111111111000101111110100101000
11111111100010011110101101010000
11111111010000000101000101010011
11111111000100000010000101110010
11111111000000000000010010001100
11111111000100100110010011011101
11111111010001010000011011001101
11111111100100010100000111010010
11111111111011001101011000101101
00000000010010110100011000111010
00000000100111111000011100101101
00000000110111011100111101000101
00000000111111010100000101110011
00000000111110010011100101010100
00000000110100100000010111010100
00000000100011001111001111110001
00000000001100111010001101001011
11111111110100101011100000010101
11111111011110000001011000111110
11111111001100001110010001000011
11111111000001111001111001001100
11111111000000101000001001000001
11111111001000101001001010100010
11111111011000110101100110100000
11111111101110110111101010110110
00000000000111100000001001111100
00000000011111000100011101111101
00000000110010000001011101101111
00000000111101011101111001101010
00000000111111100111010000111001
00000000111000000100011011000000
00000000100111111010111101101011
00000000010001100110000011100010
11111111111000011111110110000011
11111111100000100000100101101011
11111111001101011000010111110111
11111111000010001001010011010001
11111111000000101000001001000001
11111111001001001000100100000110
11111111011010011000011011100111
11111111110001101011010001001010
00000000001011010100011111101010
00000000100011001100100011110111
00000000110101011011001110001101
00000000111111000000001101100001
00000000111110010011100101010100
00000000110011011000001101100110
00000000011111111101000001110000
00000000000111001100010101111000
11111111101101001011100111000101
11111111010110010000101000000010
11111111000110010011000101010011
11111111000000000010010010101101
11111111000100100110010011011101
11111111010011010010000000110001
11111111101001101001000010000111
00000000000011111000110101110111
00000000011101100001010010101111
00000000110010000101110111111101
00000000111101111111010100010000
00000000111111000100110111111011
00000000110101000101110100001011
00000000100001101110001110101000
00000000001000010101110010001110
11111111101101011010111111100111
11111111010101110001000100000001
11111111000101101001000010101000
11111111000000000000000011010011
11111111000101111011110000010100
11111111010110011011110111000101
11111111101110100011110110001000
00000000001001111011101010111101
00000000100011100010000000101011
00000000110110100111000110011100
00000000111111100101011101111011
00000000111100101101110111111001
00000000101110011101111011111101
00000000010111011100101010000010
11111111111011111100111000100011
11111111100001001010101111001010
11111111001100001101001000011101
11111111000001000111000111001010
11111111000010000101000010100000
11111111001110111111110000001011
11111111100101011011110010100101
00000000000001000101011110111101
00000000011100100101000110001111
00000000110010100001010100010101
00000000111110100011010011001000
00000000111110001110110100111100
00000000110001100011001001001010
00000000011010111101010101110011
11111111111110111011001010001101
11111111100011000011010101100110
11111111001100111110001011001011
11111111000001001100011101011100
11111111000010001011100111111001
11111111001111110011101010010100
11111111100111010110011011011101
00000000000100000001001100001010
00000000011111111010001111010101
00000000110101001110011010100000
00000000111111011110101001010010
00000000111100011101010010101111
00000000101100101101111111001110
00000000010011100000100101101000
11111111110110000111100000011100
11111111011010110001011111000001
11111111000111010101001100011111
11111111000000000000100000010101
11111111000110011100111000010101
11111111011001010110010010111101
11111111110100101010110111110011
00000000010010100000101100100000
00000000101100010110111000101100
00000000111100100000101010000110
00000000111111010110011111111111
00000000110100001011010000101010
00000000011101011000101110011000
00000000000000000000000000000000
11111111100010100011110110001100
11111111001011101011110100100011
11111111000000100100101101100111
11111111000011110011111001100010
11111111010100101111011101110001
11111111101111100100111111101011
00000000001110001110011101011100
00000000101001101010000000010110
00000000111011100001000100110001
00000000111111100111010000111001
00000000110100111010101000110000
00000000011101110101110100000101
11111111111111101110101000001101
11111111100001101000000111101110
11111111001010101001011000111111
11111111000000010001101100100111
11111111000101000011011101101111
11111111010111111010111111011011
11111111110100011011101011011111
00000000010011110001101110111100
00000000101110011001100000100100
00000000111101110100001101011100
00000000111110001101110001011111
00000000101111011010101110000100
00000000010100111101111110010010
11111111110101010100000100011100
11111111011000001111100111000101
11111111000100111110101110000101
11111111000000010111100011001101
11111111001011101000110110111101
11111111100100000011010011110101
00000000000011100010010111000101
00000000100010001011101011100000
00000000111000001101111111110000
00000000111111111111101101110011
00000000110111011100111101000101
00000000100000101100001110101000
00000000000001011111001101101101
11111111100001110110010010110011
11111111001001111101101000100000
11111111000000000101000100111010
11111111000110110110010010110011
11111111011100100101011111001010
11111111111011101010010000111110
00000000011011111011100010000100
00000000110100110111011000000101
00000000111111110011101110010110
00000000111001110001010110111100
00000000100100010001111100011001
00000000000101000001010111100101
11111111100100010111000000111101
11111111001011000111001011000111
11111111000000001010010111011000
11111111000110100011111100100100
11111111011100101001110001101010
11111111111100011101101000111010
00000000011101010011000000011011
00000000110110000110011111110111
00000000111111111110000010011111
00000000111000000101010110100010
00000000100000100011010111110011
11111111111111111000010001110111
11111111011111001100000010000101
11111111000111101011110111110011
11111111000000000011110100100010
11111111001010100011010111001001
11111111100100010001001101101101
00000000000101111100010101111100
00000000100101111101111001010100
00000000111011001000001101011110
00000000111111010001001110100010
00000000110001000110110110111101
00000000010100101010100000010000
11111111110010001010000001011000
11111111010011101001000111010011
11111111000010000101110110101000
11111111000010101110111000011001
11111111010101011101110001111000
11111111110100110101000000011000
00000000010111100011110101101001
00000000110011010100010111110100
00000000111111110000110101011001
00000000111001000101010110100011
00000000100001001100110001011110
11111111111111001111101111110000
11111111011101011110000100000110
11111111000110001001011001011011
11111111000000011100100010110000
11111111001110001100101000010101
11111111101011010001001110111111
00000000001110110001100011011010
00000000101101110000111000010100
00000000111110100110100010011000
00000000111011111110110011101101
00000000100110101000001010100100
00000000000101001001000100001001
11111111100001111111011000010101
11111111001000001111111011011110
11111111000000000110101010000010
11111111001100001110010001000011
11111111101000110101111010110101
00000000001100111001100100110110
00000000101100111000000110001100
00000000111110011110011110011000
00000000111011111101001111000001
00000000100110000010100011100000
00000000000011101111110110011010
11111111100000001011111001011111
11111111000110111101100011111011
11111111000000011000101111000110
11111111001110101101001101010101
11111111101101010010111111100000
00000000010010000111011010110101
00000000110000111110100101110101
00000000111111100101011101111011
00000000111000111111001110010001
00000000011111010011000100111001
11111111111011000011110000110101
11111111011000011011101110101100
11111111000011001000011110001111
11111111000010011100000011111101
11111111010110101011100011001101
11111111111001000011000000010100
00000000011101110101110100000101
00000000111000011100010110010111
00000000111111101001011110001101
00000000110000111000010111101011
00000000010001001010001100001010
11111111101011011011100101100100
11111111001100110100011111011101
11111111000000000011111000000110
11111111001001101101001011101110
11111111100110011101100111000000
00000000001100010001001100111101
00000000101101110010001110101001
00000000111111000110000100001110
00000000111001111101101110011010
00000000100000001000001010101011
11111111111010101111111000011001
11111111010111001101000111001000
11111111000010010100000100101011
11111111000011101100000101100101
11111111011010111011011100000110
11111111111111101011011010010100
00000000100100100110000010110010
00000000111100001011001110011011
00000000111101101101101000101110
00000000101000100010111111011110
00000000000100011000111100011011
11111111011110100011110110001000
11111111000101000101111110011011
11111111000001100001100001100111
11111111010101010001110010000010
11111111111001000011101001010000
00000000011111011111011010010100
00000000111010000111001101110010
00000000111110110100001010000100
00000000101011101110010001011001
00000000000111111111011100110010
11111111100001001010101111001010
11111111000110000101000000011100
11111111000001001010000000010101
11111111010100011000110010001010
11111111111000011101010010011111
00000000011111011111011010010100
00000000111010010111001110010001
00000000111110100100101001111011
00000000101010011000100101111001
00000000000101100101111010100110
11111111011110100011110110001000
11111111000100101000011101101001
11111111000010000101110110101000
11111111011000000010100001011100
11111111111101110111100111111111
00000000100100100110000010110010
00000000111100110001000111011011
00000000111100101001111111011011
00000000100100001101001010111101
11111111111101001001111110100111
11111111010111001101000111001000
11111111000001101101101111101000
11111111000101011110010010100010
11111111100001000011011010010101
00000000001001010010111101100001
00000000101101110010001110101001
00000000111111100001111010111001
00000000110111001001110110011000
00000000011000000000100000100110
11111111101110111000111010001100
11111111001100110100011111011101
11111111000000000000010110010001
11111111001101111000000111111100
11111111110000101111001011001101
00000000011010000010110001101110
00000000111000011100010110010111
00000000111111000100010100111111
00000000101011000001010100111001
00000000000100101100110101101101
11111111011100010101011011110011
11111111000011001000011110001111
11111111000011111011100111001001
11111111011110011111011101010111
00000000000111011111100001000010
00000000101101010011111100100101
00000000111111100101011101111011
00000000110110010100001011011011
00000000010101011011000111010000
11111111101011001001111011101001
11111111001001111100100110010101
11111111000000011000101111000110
11111111010010110001000011100100
11111111111001000110001101000000
00000000100010100001011001001110
00000000111100101101000011110001
00000000111011111101001111000001
00000000100000100000100110100000
11111111110110100000111100100100
11111111010000101101111100000000
11111111000000000110011100000100
11111111001100001110010001000011
11111111101111101110010100110110
00000000011010101000010011100101
00000000111001100000010011001101
00000000111110010000100111110101
00000000100110101000001010100100
11111111111101010011100111101100
11111111010101001011000101001110
11111111000000101011011100001100
11111111001001010101111000100010
11111111101011010001001110111111
00000000010110110101101010101001
00000000110111110110010111110100
00000000111110111001000000011110
00000000101000100100111110111000
11111111111111001111101111110000
11111111010110001110001100000000
11111111000000110011101111101101
11111111001001001011100011001000
11111111101011011111001111100100
00000000010111100011110101101001
00000000111000011110110001011110
00000000111110100001001111110000
00000000100110101100010001000110
11111111111100010011010111000111
11111111010011101001000111010011
11111111000000010010111010010111
11111111001011101011011100110101
11111111110000011001010100100010
00000000011100101110010011011000
00000000111011001000001101011110
00000000111100101110111000111010
00000000100000101001011101100101
11111111110100100010000000100010
11111111001110000000001001000010
11111111000000000011110100100010
11111111010001101011010111101100
11111111111010001111110101001001
00000000100101101101110011110111
00000000111110011101110001101001
00000000111000000101010110100010
00000000010101101001101001110111
11111111101000010100111111000110
11111111000110110110100101010110
11111111000010001000011110011111
11111111011100101001110001101010
00000000001001000110001110100001
00000000110000111110001011010100
00000000111111111110001000110010
00000000101110010110110110010100
00000000000101000001010111100101
11111111011001000100011000101001
11111111000001000100101111101000
11111111001001011101111100001111
11111111101110000001110101110001
00000000011011111011100010000100
00000000111011011000101111001011
00000000111011111111000010000100
00000000011101010011100101000010
11111111101111010001101110101101
11111111001001111101101000100000
11111111000000111111100100000001
11111111011001001100000011010101
00000000000101111001001000111100
00000000101111100001100111111100
00000000111111111111101101110011
00000000101110011101011111101001
00000000000100001001100010010111
11111111010111100100111110110010
11111111000000100110110011011111
11111111001011101000110110111101
11111111110010110110101011001111
00000000100001001100110001011110
00000000111101101001001010111110
00000000111000101101011111100000
00000000010100111101111110010010
11111111100101110001011110100001
11111111000100110110000100010111
11111111000100001111101111110100
11111111100100011010011111110101
00000000010011110001101110111100
00000000111000010010100110010011
00000000111101110000001011101010
00000000100001000010010011111111
11111111110001111101011101100111
11111111001010101001011000111111
11111111000001000010011010101010
11111111011010100110100000011101
00000000001001001000110001100011
00000000110010100101101010000101
00000000111111100111010000111001
00000000101000110001011001101011
11111111111010110110111011110110
11111111001111110100000101011010
11111111000000000110000111100011
11111111010100101111011101110001
00000000000010000101110011011001
00000000101110010010011010001011
00000000111111111111100100101000
00000000101100111100101011100011
00000000000000000000000000000000
11111111010011000000100100101001
11111111000000000000001110111101
11111111010010000101101100001101
11111111111110110111111100010111
00000000101100010110111000101100
00000000111111111111000111101001
00000000101110001100001011100111
00000000000001010010010110010111
11111111010011100101011001111111
11111111000000000000100000010101
11111111010010001100110111110100
11111111111111100001000111011111
00000000101101001010011000111001
00000000111111111111111101011101
00000000101100101101111111001110
11111111111110101101101001101000
11111111010001011011111000000101
11111111000000000011001101010110
11111111010101000110010011011100
00000000000100000001001100001010
00000000110000100011100000100001
00000000111111101111011110100100
00000000101000010001100001111001
11111111111000010011000100010101
11111111001100111110001011001011
11111111000000110001001110100101
11111111011011010000011101101111
00000000001100010011101110100110
00000000110101110101100011011001
00000000111110001110110100111100
00000000100000001101001011000100
11111111101110001110001100100011
11111111000111001110000010110111
11111111000011011110100000010011
11111111100101011011110010100101
00000000011000000000100000100110
00000000111011100110101110011010
00000000111001110110111000001010
00000000010011101111111001011101
11111111100001001010101111001010
11111111000010000000001101000010
11111111001010000001110001101010
11111111110100010001100011101001
00000000100110000000011111000001
00000000111111100101011101111011
00000000110000100111010001110000
00000000000010100010101111001010
11111111010010110011010101010010
11111111000000000010111110111100
11111111010110011011110111000101
00000000000111101001101111010000
00000000110011111101110010110001
00000000111110101001111110110001
00000000100000101011101011001110
11111111101101011010111111100111
11111111000110001110101001000011
11111111000100101111101101110001
11111111101010000011100101111100
00000000011101110010111101111001
00000000111101111111010100010000
00000000110101010111010100011111
00000000001001011111101100001001
11111111010111010011100011111011
11111111000000000011101111001110
11111111010011010010000000110001
00000000000100010011001010101100
00000000110010011111010101110111
00000000111110111101000111101111
00000000100001001111100001011100
11111111101101001011100111000101
11111111000101101111011010000001
11111111000101100011100000111100
11111111101100110111010101010110
00000000100001001010100100101000
00000000111111000000001101100001
00000000110010000001011101101111
00000000000010111100011100101111
11111111010001110100010000111001
11111111000000010000000000011011
11111111011010011000011011100111
00000000001110011000011111100111
00000000111000100001011111100001
00000000111011101100110010010001
00000000010101100110101000000110
11111111100000100000100101101011
11111111000001001110111101000110
11111111001101100110001100111000
11111111111101000110110000111011
00000000101110101011001011010010
00000000111111100111010000111001
00000000100011111100101100100110
11111111101110111111101110110001
11111111000101111110011101110001
11111111000101110111101101001111
11111111101110110111101010110110
00000000100100000010100011001000
00000000111111101010011110001010
00000000101110000001000001100110
11111111111011100011001101000101
11111111001100001110010001000011
11111111000001111010110101001000
11111111100100001000100001010110
00000000011010011001101010101010
00000000111101101100110010000110
00000000110100100000010111010100
00000000000101010101111000111011
11111111010010010001010111101010
11111111000000010110110011000110
11111111011100101110000100011001
00000000010010110100011000111010
00000000111011001101110110010100
00000000111000010100001000001100
00000000001100000111101110100111
11111111010110111111010000010111
11111111000000000000010010001100
11111111011000001101000101110010
00000000001101110101010110011010
00000000111001010000101000010011
00000000111010001110111111100110
00000000001111111010101000100011
11111111011001101101011011110010
11111111000000000010101000000110
11111111010110001011110000000110
00000000001011101011010001111011
00000000111000011100010110010111
00000000111010110010001011101011
00000000010000110100011110101010
11111111011010000111110011100011
11111111000000000010110101101000
11111111010110011011110111000101
00000000001100011010101011000001
00000000111000111111001110010001
00000000111010001000100011111110
00000000001110110111001011111011
11111111011000001011100101000011
11111111000000000000000111011100
11111111011000111111010010000001
00000000010000000010000111000011
00000000111010101111111000111001
00000000111000000101010110100010
00000000001001111110110110010101
11111111010100000110011110001100
11111111000000010011110110011000
11111111011110000111011001000001
00000000010110011000110001100111
00000000111101001100011100000100
00000000110100000101101010010111
00000000000010000101110011011001
11111111001110011010011010100011
11111111000001110001001011000011
11111111100110001111011101100100
00000000011111000111010001111011
00000000111111010111110001001101
00000000101101010101110000110111
11111111110111001110110011000010
11111111001000000100100111001010
11111111000101100010001101000111
11111111110001110000111010011010
00000000101001011011110100000000
00000000111111110111111010101110
00000000100010111100011010100001
11111111101001110101000110001110
11111111000010100100111110101001
11111111001100111111010101110000
00000000000000110000010000001111
00000000110011111100010010100110
00000000111100111010000110101010
00000000010100001111000100011010
11111111011011000000101011111101
11111111000000000000100000010101
11111111011001011011111100001101
00000000010010100011001010001010
00000000111100011100001111000111
00000000110100100010111011111111
00000000000001010000011010110110
11111111001100111001001000100001
11111111000010110110011001100000
11111111101011100100101110101100
00000000100101010100010001001100
00000001000000000000000000000000
00000000100101010001001000011001
11111111101011010110000110101101
11111111000010101100010010010111
11111111001101011110101011101010
00000000000010110000111000010010
00000000110101110000010100110011
00000000111011011001111011110110
00000000001110110100101011101101
11111111010101101001110100011010
11111111000000011000101111000110
11111111100001001100011011011011
00000000011100010000111010111100
00000000111111010000010000001010
00000000101100001100001100110011
11111111110011010001001000111110
11111111000101001110110101011111
11111111001001101011011110110010
11111111111100111001111010010010
00000000110010110101010110111001
00000000111100110111100001110000
00000000010010001101100101101011
11111111010111101110111110000110
11111111000000001100111110111000
11111111100000001011111001011111
00000000011011111011100010000100
00000000111111010100001011110100
00000000101011010100010100110111
11111111110001010101010101011001
11111111000100001100010011010001
11111111001011101000110110111101
00000000000001001111001000100000
00000000110101110001101110001001
00000000111010110010011011111101
00000000001011101101110011110111
11111111010010001101110001010110
11111111000001011000110010111001
11111111101000010100011000110101
00000000100100011001111000110100
00000000111111111111001111000100
00000000100010010010101111110001
11111111100101110100011010010111
11111111000000110101010010010010
11111111010100101011101011001000
00000000001111100110101011011101
00000000111100011101111011001111
00000000110010101001001100111000
11111111111010111010001001000100
11111111000111110000110001100100
11111111000111101111001111010111
11111111111010111110101000011010
00000000110010110101010110111001
00000000111100001111100101101001
00000000001110011110110000110010
11111111010011011001110110001101
11111111000001010001110111110101
11111111101000111000111010110011
00000000100101110101100110011100
00000000111111110111011011001110
00000000011110110011100100100100
11111111100001001010101111001010
11111111000000000111111101100011
11111111011010011110101011101001
00000000010111110011111110011111
00000000111110111101000111101111
00000000101011010000100010001110
11111111101111000010001101100100
11111111000010101100010010010111
11111111001111111100001001001100
00000000001010011100000100001111
00000000111011001000001101011110
00000000110011111111101010111001
11111111111011101010010000111110
11111111000111011001111111011001
11111111001000110110011110100000
11111111111110101111100101001001
00000000110101110111010010101010
00000000111001100111100111001100
00000000000110010011011001100010
11111111001100111011000100100001
11111111000100011111101000101011
11111111110101001110010111000101
00000000110000010110011110100011
00000000111100111010000110101010
00000000001110101010101010100110
11111111010010001101110001010110
11111111000010000101001100111011
11111111101110000001001110010000
00000000101011011101010100000000
00000000111110100111110111101001
00000000010100101110110001000000
11111111010110100100001011111111
11111111000000111001111011110001
11111111101001000100010100110011
00000000100111110000111001001100
00000000111111011001010111110011
00000000011000100110100110100000
11111111011001100001000101000010
11111111000000011011000010111111
11111111100110001111011101100100
00000000100101100111100100011000
00000000111111101011001000000000
00000000011010011010010000001010
11111111011010110100000110100010
11111111000000010010101010100111
11111111100101011011110010100101
00000000100101001100011010111101
00000000111111101100001001100111
00000000011010001110100001011110
11111111011010010110110111101100
11111111000000011000101111000110
11111111100110100111000011011100
00000000100110100001011111011011
00000000111111011101011111001110
00000000011000000010111001010001
11111111011000001011100101000011
11111111000000110011001111001010
11111111101001110100011111100110
00000000101001100000001110010010
00000000111110110010001011000011
00000000010011110001101110111100
11111111010100011101011111101111
11111111000001110110000001111000
11111111101111001011100001010101
00000000101101111000000100010010
00000000111101001111101000001010
00000000001101010010110001000110
11111111001111100011001101010100
11111111000100000010000101110010
11111111110110110100000010101011
00000000110011001011100000100010
00000000111010001110111111100110
00000000000100100000000000010010
11111111001010000010000111110010
11111111001000000011010111001000
00000000000000110000010000001111
00000000111000101100010011000111
00000000110101000000011010101001
11111111111001011101001111001100
11111111000100110010001001101011
11111111001110101011111110100100
00000000001100110011111001110011
00000000111101011000010011001000
00000000101100110001101010101111
11111111101100100001110111010000
11111111000000111111110010011110
11111111011000101011011011111100
00000000011010011001101010101010
00000000111111111001001010001001
00000000100000111001011111010010
11111111011110100011110110001000
11111111000000001001111010011011
11111111100110100000100011110100
00000000101000011000100001100001
00000000111110101001110110011000
00000000010001001000010101001001
11111111010001000001000101101011
11111111000011111000000100100100
11111111111000000110010010111011
00000000110100111100110011100111
00000000111000000101010110100010
11111111111101111101011010011000
11111111000110000010100011000011
11111111001101100110001100111000
00000000001100011101110100111110
00000000111101101010100011010110
00000000101011000000110110011001
11111111101000111011111010110101
11111111000000010010101010100111
11111111011110000100101010011010
00000000100001011100001001110111
00000000111111101111111111100100
00000000010111010000101011010010
11111111010100111000000000101110
11111111000010100000011111010111
11111111110100101111111100000011
00000000110011100101100101110000
00000000111000101101110010100101
11111111111110010001010110010101
11111111000101101111011010000001
11111111001110101011111110100100
00000000001111001010100100110100
00000000111110100100100001010001
00000000100111010101000100100011
11111111100011100101110110010011
11111111000000000000010010001100
11111111100101000000010100110100
00000000101000101100011100000100
00000000111110000110111000100101
00000000001100110000000111101110
11111111001100110100011111011101
11111111000111010110111111011010
00000000000010101110111100110111
00000000111011000000000010001101
00000000101111100011010110001101
11111111101101011010111111100111
11111111000000101001111101010100
11111111011100111010111101111101
00000000100001101101101011101000
00000000111111100010100111011110
00000000010011110001101110111100
11111111010001000011010001100010
11111111000100110101110100101001
11111111111101011101010000110101
00000000111001000011111001011000
00000000110010000110101011001101
11111111110000100101110011100011
11111111000001000101010101010001
11111111011011010011000110010111
00000000100000100110101100011101
00000000111111100111010000111001
00000000010011101111111001011101
11111111010000100101010001111011
11111111000101010111110011110101
11111111111111011110100010110010
00000000111010001110011101011011
00000000101111111101000011000111
11111111101100101110101111011011
11111111000000011001010011011101
11111111011111110010110100111011
00000000100101100111100100011000
00000000111110100010011110110000
00000000001100101010011100100000
11111111001011100110010001010110
11111111001001010111100011101101
00000000001000110001001100111101
00000000111101101001010110000011
00000000101000010001100001111001
11111111100010010011010011001001
11111111000000001011110010000111
11111111101011010001001110111111
00000000101111011111011101111111
00000000111010000111001101110010
11111111111110000111101100111010
11111111000100011001000010100110
11111111010011010010000000110001
00000000011000110000000110011001
00000000111111111111111111011101
00000000011000111011111101010111
11111111010011010010111011101101
11111111000100011111101000101011
11111111111110110100101110100000
00000000111010100111111011101001
00000000101110001100001011100111
11111111101000101111010100101101
11111111000000000000110010100001
11111111100110011110001100110000
00000000101100100101101100001111
00000000111011011000101111001011
00000000000000010111110011100011
11111111000100110111110010100001
11111111010011000011010100011100
00000000011001010101111111100001
00000000111111111110111010000111
00000000010110100011000001000101
11111111010000110101010100011101
11111111000110010011000101010011
00000000000100010010100001100110
00000000111100111001111010000000
00000000101000110001011001101011
11111111100001001010101111001010
11111111000000100000100010100110
11111111110000001100110110001010
00000000110011111011111010100010
00000000110101110001101110001001
11111111110011010001001000111110
11111111000000111100000111000100
11111111011110111101101100000000
00000000100111001010011001011111
00000000111101010101100011011111
00000000000101000001010111100101
11111111000110010000000001101110
11111111010001100100010001101011
00000000011000100011101000011010
00000000111111111110001101101101
00000000010100111101111110010010
11111111001110111001001001000010
11111111001000001111100111010000
00000000001001101110111101001100
00000000111110101000101010100000
00000000100010010010101111110001
11111111011001011000110111000110
11111111000010101100000110100011
11111111111011110110011101101000
00000000111010011100011111000011
00000000101100101101111111001110
11111111100100011111101110010110
11111111000000010001011001100100
11111111101111100111011110111000
00000000110100011111101000001101
00000000110100010111001001000010
11111111101111010001101110101101
11111111000000001110000101000101
11111111100101010111000110111101
00000000101101101111000101001000
00000000111001100101010111100111
11111111111001000110001101000000
11111111000001110000000111111011
11111111011101001000011100000110
00000000100110111011100111010110
00000000111100110111100001110000
00000000000001100101000000001101
11111111000100001010001111100110
11111111010110110010111011010111
00000000100000101001011101100101
00000000111110101110001000001010
00000000001000100010100010100101
11111111000110110110100101010110
11111111010010000111111011101101
00000000011011010001101111001111
00000000111111100111010000111001
00000000001101111011101000011000
11111111001001010111100011101101
11111111001110110111000101000100
00000000010111000100101011100101
00000000111111111100001011011101
00000000010001110001110011011100
11111111001011010111100011111110
11111111001100110001011001110101
00000000010100001100000001000011
00000001000000000000000000000000
00000000010100001000010110100100
11111111001100101000001010111101
11111111001011101011011100110101
00000000010010101101000000011111
00000000111111111111001101011110
00000000010101000010001110100100
11111111001101000001010010001010
11111111001011011110100010000100
00000000010010101001111011100011
00000000111111111111011111101010
00000000010100100000110000011011
11111111001100100000100000110101
11111111001100001001010110110110
00000000010100000010110110101101
00000000111111111111101101110011
00000000010010100011001010001010
11111111001011001000111111001000
11111111001101110000001000110111
00000000010110110101101010101001
00000000111111110111111010101110
00000000001111000110110100110000
11111111001001000011100110101110
11111111010000011100001110001110
00000000011010111101010101110011
00000000111111011001010111110011
00000000001010001000011000010101
11111111000110011111101100110010
11111111010100011011001000111001
00000000100000010000100000100000
00000000111110001110110100111100
00000000000011100101100100101010
11111111000011110011111001100010
11111111011001111100111011011000
00000000100110011111011011110111
00000000111011111101001111000001
11111111111011011111111111101101
11111111000001011110111001000011
11111111100001010001100000011001
00000000101101010001101011001000
00000000111000000101010110100010
11111111110010000000100110100000
11111111000000000111100110101110
11111111101010100100111000101111
00000000110100000011110010101011
00000000110010000110101011001101
11111111100111011011110001100100
11111111000000011100001010100100
11111111110101111010001010010011
00000000111010000101110111011101
00000000101001100100001000111010
11111111011100010101011011110011
11111111000011001110111000100100
00000000000011000101011100100101
00000000111110011011101010011110
00000000011110001010110101110100
11111111010001100100010001101011
11111111001001010000100010100000
00000000010001100101011011111100
00000000111111111111101001101110
00000000001111111010101000100011
11111111001000010010110001101101
11111111010011000111011100011100
00000000100000011101110101000111
00000000111101101010000010010000
11111111111111001111101111110000
11111111000001111100001111011101
11111111100001000011011010010101
00000000101110010100101000010100
00000000110110011100101010001100
11111111101101001011100111000101
11111111000000000100000010111110
11111111110010101111110000000001
00000000111001010100111011100100
00000000101001110011110000101110
11111111011011011001111101001101
11111111000100000101101100101110
00000000000111000101111100101011
00000000111111011001111111001001
00000000010111111001111100100101
11111111001100001110010001000011
11111111001110111101101011110100
00000000011100000101010111011111
00000000111110100100101001111011
00000000000001111011100000111000
11111111000010010101011100101001
11111111100000101101011111000001
00000000101110110101101110000110
00000000110101011011001110001101
11111111101010010010101101101010
11111111000000011000101111000110
11111111111000000000100011001101
00000000111011111010010011010001
00000000100011101111111001111010
11111111010100100100100100111100
11111111001000010010001001001011
00000000010001111011101100001000
00000000111111111001111010101011
00000000001011000101010010101010
11111111000101000101111110011011
11111111011010011000011011100111
00000000101010000010110101001011
00000000111000011010001110010110
11111111101111000010110101010001
11111111000000000100001100001100
11111111110100101111111100000011
00000000111011000000010010001010
00000000100101000100100011111001
11111111010101001000101100010010
11111111001000010100101011011100
00000000010010110100011000111010
00000000111111110010001011111000
00000000001000011111111111010101
11111111000011110100111111100110
11111111011101111100011111000011
00000000101101110010001110101001
00000000110101010101100010110000
11111111101000100011111100010001
11111111000000110111110011000001
11111111111101001101110101011011
00000000111101111111010100010000
00000000011100010011110011101000
11111111001101100110100110010001
11111111001111000111101000010100
00000000011110100011001100100011
00000000111101001111101000001010
11111111111010000110001110000011
11111111000000011000001111101000
11111111101100100001110111010000
00000000110111111001110100101011
00000000101001100100001000111010
11111111011000011011101110101100
11111111000110111100000110100111
00000000010001010101111101100101
00000000111111110010111101110110
00000000000111010001011101001011
11111111000010111111000010100011
11111111100001011001111110100100
00000000110001011000111100000010
00000000110001010010110010101010
11111111100001001010101111001010
11111111000011001001000100011100
00000000001000001001000001100001
00000000111111111000111110001011
00000000001111011100101100010011
11111111000101110001100010100100
11111111011011010000111111011101
00000000101100111000000110001100
00000000110100111110100111001100
11111111100110001011111011011100
11111111000001110001001011000011
00000000000011101001011011010101
00000000111111100010001110110001
00000000010010110000000101010111
11111111000111000001111100101110
11111111011001010111110101011011
00000000101011100100110111000110
00000000110101101011000100111110
11111111100110110101110101001101
11111111000001101110101000100011
00000000000100000001001100001010
00000000111111101000110111001000
00000000010001010110100101001110
11111111000110001001011001011011
11111111011011011011100010100101
00000000101101110010001110101001
00000000110011100111000111001101
11111111100011000011111010010100
11111111000010111111000010100011
00000000001001001111110001110011
00000000111111111111011111101010
00000000001011001010111111100111
11111111000011100010101101010000
11111111100001110000100111101111
00000000110010111111000110101110
00000000101110001000100111011100
11111111011011010011000110010111
11111111000110100011101010011010
00000000010011001000000011010110
00000000111111010001001110100010
00000000000000000000000000000000
11111111000000101110001100010110
11111111101101000110101100010010
00000000111001101011100001100011
00000000100011111010000010001101
11111111010000110101010100011101
11111111001110010110110000011101
00000000100000110011111101111010
00000000111011000101001111111100
11111111110000000011011111110010
11111111000000011000101111000110
11111111111110000001010001010101
00000000111111000100010100111111
00000000010011100001001100110110
11111111000110010100001100100111
11111111011100101001110001101010
00000000110000000011110110110011
00000000110000010110111001100010
11111111011100111011100000011010
11111111000110010001101100010100
00000000010011110001101110111100
00000000111110111011110101110110
11111111111100101010011111010001
11111111000000001100010001101001
11111111110010111001110100110000
00000000111100011101111011001111
00000000011100011100011101010000
11111111001010101100001111000110
11111111010110001110001100000000
00000000101010111100100011110011
00000000110100010111001001000010
11111111100001110110010010110011
11111111000100010100011000000000
00000000001111110010100001111011
00000000111111011101011001111001
11111111111111001111101111110000
11111111000000010110110011000110
11111111110001111010010100110000
00000000111100011001000011010100
00000000011011111100101100001010
11111111001001111101101000100000
11111111010111110110011110101010
00000000101101000011100010101111
00000000110010001001111000000000
11111111011101111110101010100010
11111111000110011010101000011000
00000000010101100100001101000010
00000000111110001101110001011111
11111111110111101010001101110001
11111111000000000001010101111010
11111111111010111110101000011010
00000000111110111100100010100111
00000000010001111011101100001000
11111111000100101100010100100000
11111111100010000111111010001110
00000000110101010110100111000000
00000000101000011011000001001101
11111111010010100011011011101101
11111111001110110000111001111001
00000000100011111111111000111100
00000000111000000101010110100010
11111111100110100011100000101100
11111111000011001010110111011000
00000000001110001110011101011100
00000000111111011011101101110011
11111111111101001111000111101101
11111111000000000100010011101100
11111111110111011100110100100111
00000000111110011100001110101010
00000000010011010111011001001001
11111111000100110111110010100001
11111111100010100111010001100111
00000000110110001101010110101111
00000000100110010111101101111101
11111111010000000100101010000000
11111111010001110111011000100011
00000000101000100010111111011110
00000000110100100011010011100000
11111111011111101010011111100010
11111111000110011100111000010101
00000000010111100011110101101001
00000000111101000110100011010010
11111111110001100001110111010100
11111111000000110001001000001110
00000000000101010011010100110010
00000000111111111111101101110011
00000000000011101111001101010011
11111111000000100001010110101101
11111111110011100010001011000001
00000000111101110010101101001100
00000000010100101110110001000000
11111111000100111011111111010001
11111111100011100101110110010011
00000000110111011011010110001110
00000000100011011001111110100010
11111111001100111110001011001011
11111111010110010101111111101001
00000000101110000000100100111110
00000000101111000111101000100101
11111111010111011111011111110111
11111111001100001110010001000011
00000000100010101010000011100011
00000000110111101000011101100100
11111111100011011010111001110000
11111111000101010010111011001001
00000000010110011000110001100111
00000000111101000001101111000111
11111111101111110100100011001010
11111111000001010110101011010001
00000000001010000010101010010111
00000000111111100111010000111001
11111111111011111100111000100011
11111111000000000000101000100100
11111111111110010000101101001011
00000000111111110101101011100010
00000000000111010001011101001011
11111111000000110001101000000110
11111111110011011111000001000101
00000000111110001101100111110101
00000000010001011100001001110111
11111111000011001000011110001111
11111111101001111110001001111001
00000000111011010000000010101010
00000000011010010001011101001111
11111111000110100101000101010000
11111111100001110101001010001011
00000000110111011011101010110011
00000000100001101110001110101000
11111111001010101010011101001111
11111111011011000011110101101001
00000000110011001011100000100010
00000000100111110101011011011010
11111111001110111111110000001011
11111111010101100100111111111000
00000000101110110110001010001010
00000000101100101101111111001110
11111111010011010000101000011011
11111111010001010000011011001101
00000000101010101101101111010010
00000000110000100000111111011110
11111111010111001101000111001000
11111111001101111100100001111001
00000000100111000000001101010101
00000000110011011000001101100110
11111111011010101001000111100101
11111111001011011111101000101011
00000000100011110111111001110101
00000000110101011100111111100000
11111111011101011011111001011100
11111111001001110000111011111000
00000000100001011100001001110111
00000000110110110111011011111001
11111111011111011111011001011111
11111111001000101001001010100010
00000000011111110001110111100011
00000000110111101101110110110100
11111111100000101111101110101110
11111111001000000011000011001000
00000000011110111100000001100111
00000000111000000100011011000000
11111111100001001010101111001010
11111111000111111011100100111111
00000000011110111100000001100111
00000000110111111100111100110111
11111111100000101111101110101110
11111111001000010010001001001011
00000000011111110001110111100011
00000000110111010110110101011101
11111111011111011111011001011111
11111111001001001000100100000110
00000000100001011100001001110111
00000000110110001111000100000111
11111111011101011011111001011100
11111111001010100011000000011111
00000000100011110111111001110101
00000000110100100000010111010100
11111111011010101001000111100101
11111111001100100111110010011001
00000000100111000000001101010101
00000000110010000011011110000110
11111111010111001101000111001000
11111111001111011111000000100001
00000000101010101101101111010010
00000000101110101111100100110010
11111111010011010000101000011011
11111111010011010010000000110001
00000000101110110110001010001010
00000000101010011011000000000111
11111111001110111111110000001011
11111111011000001010100100100101
00000000110011001011100000100010
00000000100100111100001010010110
11111111001010101010011101001111
11111111011110010001110001010111
00000000110111011011101010110011
00000000011110001010110101110100
11111111000110100101000101010000
11111111100101101110100010110000
00000000111011010000000010101010
00000000010110000001110110000110
11111111000011001000011110001111
11111111101110100011110110001000
00000000111110001101100111110101
00000000001100100000111110111010
11111111000000110001101000000110
11111111111000101110100010110100
00000000111111110101101011100010
00000000000001101111010010110100
11111111000000000000101000100100
00000000000100000011000111011100
00000000111111100111010000111001
11111111110101111101010101101000
11111111000001010110101011010001
00000000010000001011011100110101
00000000111101000001101111000111
11111111101001100111001110011000
11111111000101010010111011001001
00000000011100100101000110001111
00000000110111101000011101100100
11111111011101010101111100011100
11111111001100001110010001000011
00000000101000100000100000001000
00000000101111000111101000100101
11111111010001111111011011000001
11111111010110010101111111101001
00000000110011000001110100110100
00000000100011011001111110100010
11111111001000100100101001110001
11111111100011100101110110010011
00000000111011000100000000101110
00000000010100101110110001000000
11111111000010001101010010110011
11111111110011100010001011000001
00000000111111011110101001010010
00000000000011101111001101010011
11111111000000000000010010001100
00000000000101010011010100110010
00000000111111001110110111110001
11111111110001100001110111010100
11111111000010111001011100101101
00000000010111100011110101101001
00000000111001100011000111101010
11111111011111101010011111100010
11111111001011011100101100011111
00000000101000100010111111011110
00000000101110001000100111011100
11111111010000000100101010000000
11111111011001101000010010000010
00000000110110001101010110101111
00000000011101011000101110011000
11111111000100110111110010100001
11111111101100101000100110110110
00000000111110011100001110101010
00000000001000100011001011011000
11111111000000000100010011101100
00000000000010110000111000010010
00000000111111011011101101110011
11111111110001110001100010100011
11111111000011001010110111011000
00000000011001011100011111010011
00000000111000000101010110100010
11111111011100000000000111000011
11111111001110110000111001111001
00000000101101011100100100010010
00000000101000011011000001001101
11111111001010101001011000111111
11111111100010000111111010001110
00000000111011010011101011011111
00000000010001111011101100001000
11111111000001000011011101011000
11111111111010111110101000011010
00000000111111111110101010000101
11111111110111101010001101110001
11111111000001110010001110100000
00000000010101100100001101000010
00000000111001100101010111100111
11111111011101111110101010100010
11111111001101110110000111111111
00000000101101000011100010101111
00000000101000001001100001010101
11111111001001111101101000100000
11111111100100000011010011110101
00000000111100011001000011010100
00000000001110000101101011001111
11111111000000010110110011000110
00000000000000110000010000001111
00000000111111011101011001111001
11111111110000001101011110000100
11111111000100010100011000000000
00000000011110001001101101001100
00000000110100010111001001000010
11111111010101000011011100001100
11111111010110001110001100000000
00000000110101010011110000111001
00000000011100011100011101010000
11111111000011100010000100110000
11111111110010111001110100110000
00000000111111110011101110010110
11111111111100101010011111010001
11111111000001000100001010001001
00000000010011110001101110111100
00000000111001101110010011101011
11111111011100111011100000011010
11111111001111101001000110011101
00000000110000000011110110110011
00000000100011010110001110010101
11111111000110010100001100100111
11111111101100011110110011001001
00000000111111000100010100111111
00000000000001111110101110101010
11111111000000011000101111000110
00000000001111111100100000001101
00000000111011000101001111111100
11111111011111001100000010000101
11111111001110010110110000011101
00000000101111001010101011100010
00000000100011111010000010001101
11111111000110010100011110011100
11111111101101000110101100010010
00000000111111010001110011101001
00000000000000000000000000000000
11111111000000101110110001011101
00000000010011001000000011010110
00000000111001011100010101100101
11111111011011010011000110010111
11111111010001110111011000100011
00000000110010111111000110101110
00000000011110001111011000010000
11111111000011100010101101010000
11111111110100110101000000011000
00000000111111111111011111101010
11111111110110110000001110001100
11111111000010111111000010100011
00000000011100111100000101101011
00000000110011100111000111001101
11111111010010001101110001010110
11111111011011011011100010100101
00000000111001110110100110100100
00000000010001010110100101001110
11111111000000010111001000110111
00000000000100000001001100001010
00000000111110010001010111011100
11111111100110110101110101001101
11111111001010010100111011000001
00000000101011100100110111000110
00000000100110101000001010100100
11111111000111000001111100101110
11111111101101001111111010101000
00000000111111100010001110110001
11111111111100010110100100101011
11111111000001110001001011000011
00000000011001110100000100100011
00000000110100111110100111001100
11111111010011000111111001110011
11111111011011010000111111011101
00000000111010001110011101011011
00000000001111011100101100010011
11111111000000000111000001110100
00000000001000001001000001100001
00000000111100110110111011100011
11111111100001001010101111001010
11111111001110101101001101010101
00000000110001011000111100000010
00000000011110100110000001011011
11111111000010111111000010100011
11111111111000101110100010110100
00000000111111110010111101110110
11111111101110101010000010011010
11111111000110111100000110100111
00000000100111100100010001010011
00000000101001100100001000111010
11111111001000000110001011010100
11111111101100100001110111010000
00000000111111100111110000010111
11111111111010000110001110000011
11111111000010110000010111110101
00000000011110100011001100100011
00000000110000111000010111101011
11111111001101100110100110010001
11111111100011101100001100010111
00000000111101111111010100010000
00000000000010110010001010100100
11111111000000110111110011000001
00000000010111011100000011101110
00000000110101010101100010110000
11111111010010001101110001010110
11111111011101111100011111000011
00000000111100001011000000011001
00000000001000011111111111010101
11111111000000001101110100000111
00000000010010110100011000111010
00000000110111101011010100100011
11111111010101001000101100010010
11111111011010111011011100000110
00000000111011000000010010001010
00000000001011010000000011111100
11111111000000000100001100001100
00000000010000111101001010101110
00000000111000011010001110010110
11111111010101111101001010110101
11111111011010011000011011100111
00000000111010111010000001100100
00000000001011000101010010101010
11111111000000000110000101010100
00000000010001111011101100001000
00000000110111101101110110110100
11111111010100100100100100111100
11111111011100010000000110000101
00000000111011111010010011010001
00000000000111111111011100110010
11111111000000011000101111000110
00000000010101101101010010010101
00000000110101011011001110001101
11111111010001001010010001111001
11111111100000101101011111000001
00000000111101101010100011010110
00000000000001111011100000111000
11111111000001011011010110000100
00000000011100000101010111011111
00000000110001000010010100001011
11111111001100001110010001000011
11111111101000000110000011011010
00000000111111011001111111001001
11111111111000111010000011010100
11111111000100000101101100101110
00000000100100100110000010110010
00000000101001110011110000101110
11111111000110101011000100011011
11111111110010101111110000000001
00000000111111111011111101000001
11111111101101001011100111000101
11111111001001100011010101110011
00000000101110010100101000010100
00000000011110111100100101101010
11111111000001111100001111011101
00000000000000110000010000001111
00000000111101101010000010010000
11111111011111100010001010111000
11111111010011000111011100011100
00000000110111101101001110010010
00000000001111111010101000100011
11111111000000000000010110010001
00000000010001100101011011111100
00000000110110101111011101011111
11111111010001100100010001101011
11111111100001110101001010001011
00000000111110011011101010011110
11111111111100111010100011011010
11111111000011001110111000100100
00000000100011101010100100001100
00000000101001100100001000111010
11111111000101111010001000100010
11111111110101111010001010010011
00000000111111100011110101011011
11111111100111011011110001100100
11111111001101111001010100110010
00000000110100000011110010101011
00000000010101011011000111010000
11111111000000000111100110101110
00000000001101111111011001011111
00000000111000000101010110100010
11111111010010101110010100110111
11111111100001010001100000011001
00000000111110100001000110111100
11111111111011011111111111101101
11111111000100000010110000111110
00000000100110011111011011110111
00000000100110000011000100100111
11111111000011110011111001100010
11111111111100011010011011010101
00000000111110001110110100111100
11111111011111101111011111011111
11111111010100011011001000111001
00000000111001100000010011001101
00000000001010001000011000010101
11111111000000100110101000001100
00000000011010111101010101110011
00000000101111100011110001110001
11111111001001000011100110101110
11111111110000111001001011001111
00000000111111110111111010101110
11111111101001001010010101010110
11111111001101110000001000110111
00000000110100110111000000110111
00000000010010100011001010001010
11111111000000000000010010001100
00000000010100000010110110101101
00000000110011110110101001001001
11111111001100100000100000110101
11111111101011011111001111100100
00000000111111111111011111101010
11111111101101010110000100011100
11111111001011011110100010000100
00000000110010111110101101110101
00000000010101000010001110100100
11111111000000000000110010100001
00000000010010101101000000011111
00000000110100010100100011001010
11111111001100101000001010111101
11111111101011110111101001011011
00000001000000000000000000000000
